# step, loss_train, loss_test, metrics_test
0.000000000000000000e+00 1.931084375000000000e+04 6.615615566261112690e-04 1.637915223836898804e-01 2.825047851562500000e+04 6.615615566261112690e-04 1.637915223836898804e-01
5.000000000000000000e+02 2.511879920959472656e+00 6.644274321843113285e-07 8.641961612738668919e-04 3.477518796920776367e+00 6.644274321843113285e-07 8.641961612738668919e-04
1.000000000000000000e+03 6.096790313720703125e+00 4.128428088279179065e-07 5.610847147181630135e-04 4.218187332153320312e+00 4.128428088279179065e-07 5.610847147181630135e-04
1.500000000000000000e+03 6.081136465072631836e-01 5.635122590774699347e-08 6.942531908862292767e-04 9.835181236267089844e-01 5.635122590774699347e-08 6.942531908862292767e-04
2.000000000000000000e+03 4.356129467487335205e-01 1.906160562725744967e-08 1.114692073315382004e-03 7.342024445533752441e-01 1.906160562725744967e-08 1.114692073315382004e-03
2.500000000000000000e+03 3.447010815143585205e-01 2.827657752391132817e-08 1.371650607325136662e-03 6.042389273643493652e-01 2.827657752391132817e-08 1.371650607325136662e-03
3.000000000000000000e+03 3.431977927684783936e-01 3.987237917613128957e-08 1.542348181828856468e-03 5.723267197608947754e-01 3.987237917613128957e-08 1.542348181828856468e-03
3.500000000000000000e+03 3.082948029041290283e-01 5.912452394341016770e-08 1.558319781906902790e-03 5.146953463554382324e-01 5.912452394341016770e-08 1.558319781906902790e-03
4.000000000000000000e+03 2.843255996704101562e-01 1.105815172763868759e-07 1.444244175218045712e-03 5.006976723670959473e-01 1.105815172763868759e-07 1.444244175218045712e-03
4.500000000000000000e+03 2.255439609289169312e-01 1.329445638020843035e-07 1.276914146728813648e-03 4.317780137062072754e-01 1.329445638020843035e-07 1.276914146728813648e-03
5.000000000000000000e+03 2.154448777437210083e-01 1.628471579806500813e-07 1.235615345649421215e-03 4.028684198856353760e-01 1.628471579806500813e-07 1.235615345649421215e-03
5.500000000000000000e+03 1.908390223979949951e-01 1.263671691731360625e-07 9.992195991799235344e-04 3.799644708633422852e-01 1.263671691731360625e-07 9.992195991799235344e-04
6.000000000000000000e+03 1.941697150468826294e-01 1.017724500229633122e-07 1.010342733934521675e-03 4.030667543411254883e-01 1.017724500229633122e-07 1.010342733934521675e-03
6.500000000000000000e+03 6.164405941963195801e-01 5.829670968182654178e-08 1.298382179811596870e-03 9.021798372268676758e-01 5.829670968182654178e-08 1.298382179811596870e-03
7.000000000000000000e+03 2.393309921026229858e-01 9.274459955577185610e-08 6.201339419931173325e-04 3.870076537132263184e-01 9.274459955577185610e-08 6.201339419931173325e-04
7.500000000000000000e+03 1.791980117559432983e-01 1.087261978227616055e-07 7.526376284658908844e-04 3.686203658580780029e-01 1.087261978227616055e-07 7.526376284658908844e-04
8.000000000000000000e+03 1.497339457273483276e-01 1.333544474846348749e-07 5.804191459901630878e-04 3.076952099800109863e-01 1.333544474846348749e-07 5.804191459901630878e-04
8.500000000000000000e+03 1.550008505582809448e-01 1.447198911819214118e-07 4.072763549629598856e-04 3.112097382545471191e-01 1.447198911819214118e-07 4.072763549629598856e-04
9.000000000000000000e+03 1.973968744277954102e-01 1.551981512193378876e-07 2.720053889788687229e-04 3.644171953201293945e-01 1.551981512193378876e-07 2.720053889788687229e-04
9.500000000000000000e+03 2.608881294727325439e-01 1.520731558457555366e-07 3.410174394957721233e-04 4.489550888538360596e-01 1.520731558457555366e-07 3.410174394957721233e-04
1.000000000000000000e+04 2.044527977705001831e-01 6.314370182280981680e-08 1.943647075677290559e-04 3.811215758323669434e-01 6.314370182280981680e-08 1.943647075677290559e-04
1.050000000000000000e+04 1.471436619758605957e-01 1.342982756113997311e-07 3.528450615704059601e-04 3.017527163028717041e-01 1.342982756113997311e-07 3.528450615704059601e-04
1.100000000000000000e+04 1.556528657674789429e-01 1.177615445158153307e-07 3.032551903743296862e-04 3.210046291351318359e-01 1.177615445158153307e-07 3.032551903743296862e-04
1.150000000000000000e+04 1.331051141023635864e-01 1.294408065177776734e-07 2.092678478220477700e-04 2.733070254325866699e-01 1.294408065177776734e-07 2.092678478220477700e-04
1.200000000000000000e+04 1.758833527565002441e-01 1.055740312949637882e-07 2.385044062975794077e-04 3.431730866432189941e-01 1.055740312949637882e-07 2.385044062975794077e-04
1.250000000000000000e+04 1.261789947748184204e-01 1.099541080407107074e-07 1.527453714516013861e-04 2.565160691738128662e-01 1.099541080407107074e-07 1.527453714516013861e-04
1.300000000000000000e+04 1.307556182146072388e-01 1.191587415405592765e-07 1.168634771602228284e-04 2.604929208755493164e-01 1.191587415405592765e-07 1.168634771602228284e-04
1.350000000000000000e+04 1.382467448711395264e-01 1.283322035305900499e-07 1.629621401662006974e-04 2.639259099960327148e-01 1.283322035305900499e-07 1.629621401662006974e-04
1.400000000000000000e+04 1.205994486808776855e-01 1.232435806741705164e-07 9.809512266656383872e-05 2.420391440391540527e-01 1.232435806741705164e-07 9.809512266656383872e-05
1.450000000000000000e+04 1.219558343291282654e-01 1.003829339651929331e-07 8.225697820307686925e-05 2.470604032278060913e-01 1.003829339651929331e-07 8.225697820307686925e-05
1.500000000000000000e+04 1.458948701620101929e-01 1.181924744741991162e-07 1.328292128164321184e-04 2.744327187538146973e-01 1.181924744741991162e-07 1.328292128164321184e-04
1.550000000000000000e+04 1.181287467479705811e-01 1.010499843800971576e-07 5.154833706910721958e-05 2.394448071718215942e-01 1.010499843800971576e-07 5.154833706910721958e-05
1.600000000000000000e+04 1.685280650854110718e-01 1.447202890858534374e-07 1.919684291351586580e-05 2.766640782356262207e-01 1.447202890858534374e-07 1.919684291351586580e-05
1.650000000000000000e+04 1.395341008901596069e-01 7.691315317970293108e-08 4.849026299780234694e-05 2.676642835140228271e-01 7.691315317970293108e-08 4.849026299780234694e-05
1.700000000000000000e+04 1.565039455890655518e-01 1.415216956957010552e-07 7.338604336837306619e-05 2.500105500221252441e-01 1.415216956957010552e-07 7.338604336837306619e-05
1.750000000000000000e+04 1.221236437559127808e-01 1.317608848694362678e-07 4.147493018535897136e-05 2.299953550100326538e-01 1.317608848694362678e-07 4.147493018535897136e-05
1.800000000000000000e+04 1.186799705028533936e-01 1.052925284739103517e-07 4.952625022269785404e-05 2.417012900114059448e-01 1.052925284739103517e-07 4.952625022269785404e-05
1.850000000000000000e+04 1.283464580774307251e-01 1.019548534486602875e-07 1.597292066435329616e-05 2.453987747430801392e-01 1.019548534486602875e-07 1.597292066435329616e-05
1.900000000000000000e+04 1.309311836957931519e-01 1.211515012755626231e-07 2.277595194755122066e-05 2.395763099193572998e-01 1.211515012755626231e-07 2.277595194755122066e-05
1.950000000000000000e+04 1.412908434867858887e-01 1.018179744960434618e-07 8.930329386203084141e-06 2.615782916545867920e-01 1.018179744960434618e-07 8.930329386203084141e-06
2.000000000000000000e+04 1.151586025953292847e-01 1.105646205701305007e-07 1.637978311919141561e-05 2.283719778060913086e-01 1.105646205701305007e-07 1.637978311919141561e-05
